Mapping Coverage,2.51

Input Path,Failed Mapping Count
answers.partyA.amendment_to_termination_currency.is_applicable,9
answers.partyA.australia.partyA_secured_party_specify,1
answers.partyA.brazil.partyB_security_taker,9
answers.partyA.switzerland.partyB_security_taker_specify,1
answers.partyA.MA02_NOTICES_V1.COND_V2,1
answers.partyA.japan.partyA_security_taker,9
answers.partyA.process_agent.partyA_process_agent,17
answers.partyA.sec.additional_type,2
answers.partyA.MA02_CROSS_DEF_V1.MODIFIERS_V1,2
answers.partyA.united_kingdom.partyA_SIMM_specify,3
answers.partyA.amendment_to_minimum_transfer_amount.partyB_amendment_to_minimum_transfer_amount,7
answers.partyA.parties.partyB_name,39
answers.partyA.MA02_ATE_V1.ATE_applicability,3
answers.partyA.amendment_to_termination_currency.effectiveness_date,6
answers.partyA.emir.partyA_secured_party,9
answers.partyA.enforcement_event.paid_in_full_language,4
answers.partyA.MA02_SET_OFF.APPLICABILITY,2
answers.partyA.secured_party_rights_event.partyA_secured_party_rights_event,5
answers.partyA.MA02_CROSS_DEF_V1.partyA_APPLICABILITY,3
answers.partyA.MA02_COND_PREC_V1.DAY_TYPE,2
answers.partyA.date_of_isda_master_agreement.master_agreement_date,18
answers.partyA.MA02_FXTCO_V6.APPLICABILITY,2
answers.partyA.minimum_transfer_amount.partyB_amount,6
answers.partyA.canada.additional_type_specify,1
answers.partyA.south_africa.partyB_SIMM,10
answers.partyA.emir.partyB_secured_party,9
answers.partyA.switzerland.additional_type_specify,1
answers.partyA.eligible_support.eligible_support_specify,2
answers.partyA.canada.partyB_security_taker,9
answers.partyA.MA02_EMIR_PDD_PROTOCOL.3RD_PTY_PROVIDER_V1,1
answers.partyA.MA02_SET_OFF.SET_OFF_TRIGGER,1
answers.partyA.umbrella_agreement_and_principal_identification.principal_identification_schedule.additional,107
answers.partyA.pledgor_posting_obligations.partyA_type,4
answers.partyA.MA02_NOTICES_V1.MODIFY_APPLICABILITY,1
answers.partyA.notification_time.partyB_notification_time,18
answers.partyA.execution_language.execution_language,34
answers.partyA.united_kingdom.partyB_SIMM_specify,2
answers.partyA.MA02_CROSS_DEF_V1.partyB_APPLICABILITY,3
answers.partyA.japan.partyA_fallback,4
answers.partyA.MA02_ATE_V1.1_ADD_ADDITIONAL,1
answers.partyA.process_agent.partyB_process_agent,17
answers.partyA.MA02_C_OF_A_V1.COND,2
answers.partyA.addresses_for_transfers.partyB_specify,1
answers.partyA.additional_regimes.regimes.partyA_secured_party_specify,1
answers.partyA.additional_representations.partyB_additional_representations,3
answers.partyA.rounding.delivery_amount,12
answers.partyA.MA02_FXTCO_V1.ELEC_FX_CONF,2
answers.partyA.hong_kong_sfc.partyB_SIMM_specify,3
answers.partyA.sec.partyA_retrospective_specify,1
answers.partyA.ce_end_date.release_date,5
answers.partyA.custodian_risk.partyB_custodian_risk,3
answers.partyA.euroclear_risk.paragraph_5_2_specify,2
answers.partyA.custodian_risk.paragraph_6b_specify,4
answers.partyA.amendment_to_termination_currency.annex_date,2
answers.partyA.notification_time.partyB_time,12
answers.partyA.sensitivities_to_equity_indices_funds_etfs.sensitivities_equity_indices_funds_etfs_specify,1
answers.partyA.emir.partyB_SIMM,10
answers.partyA.MA02_AFFILIATES_V1.DEF,3
answers.partyA.switzerland.partyB_fallback_specify,1
answers.partyA.clearstream_risk.paragraph_5_2,3
answers.partyA.rounding.return_amount,12
answers.partyA.canada.partyB_fallback_specify,1
answers.partyA.calculation_time.calculation_time_IM_specify,5
answers.partyA.substituted_regimes.partyB_hong_kong_sfc,16
answers.partyA.parties.partyB_multiparty_umbrella,2
answers.partyA.MA02_ATE_V1.NAV_DEF_RADIO_ATE_V1,1
answers.partyA.MA02_SPEC_ENT_V1.partyB_CROSS_DEF_SPEC_ENT_V3,2
answers.partyA.prudential.partyB_retrospective_specify,1
answers.partyA.MA02_CREDIT_SUPP_DOC_V1.partyB_CSD_ID,3
answers.partyA.hong_kong_sfc.partyA_secured_party_specify,2
answers.partyA.substituted_regimes.partyA_hong_kong,16
answers.partyA.brazil.partyB_secured_party,6
answers.partyA.cftc.partyA_fallback,5
answers.partyA.additional_regimes.regimes.additional_type_specify,2
answers.partyA.designated_city.partyA_location,4
answers.partyA.MA02_NET_PAY_V1.SCOPE_V4,1
answers.partyA.recalculation_of_market_value.partyB_specify,1
answers.partyA.amendment_to_termination_currency.date_of_annex,1
answers.partyA.sec.partyA_retrospective,2
answers.partyA.MA02_CEUM_V1.DESIGNATED_EVENT_MOD,1
answers.partyA.ce_end_date.timely_days_type,1
answers.partyA.hong_kong.partyB_security_taker_specify,1
answers.partyA.substituted_regimes.partyA_hong_kong_sfc,16
answers.partyA.security_provider_full_discharge_condition.is_applicable,4
answers.partyA.parties.partyB_CPTY_NAME,2
answers.partyA.parties.partyA_multiparty_umbrella,3
answers.partyA.switzerland.partyB_secured_party_specify,2
answers.partyA.security_provider_posting_obligations.partyB_type,1
answers.partyA.hong_kong.partyB_security_taker,9
answers.partyA.MA02_ATE_V1.SPECIFIED_DATE_NAV_ATE_V1,1
answers.partyA.rider.specify,1
answers.partyA.sec.partyB_retrospective,1
answers.partyA.one_way_provisions.posting_party,10
answers.partyA.additional_regimes.regimes.partyB_secured_party_specify,1
answers.partyA.sec.partyB_security_taker,9
answers.partyA.MA02_CROSS_DEF_V1.partyA_THR_AMT,2
answers.partyA.japanese_securities_provisions.relevant_specify,1
answers.partyA.sec.partyB_fallback,4
answers.partyA.MA02_CREDIT_SUPP_PROV_V1.partyB_CSP_ID,3
document.governingLaw,40
answers.partyA.prudential.partyB_fallback,2
answers.partyA.south_africa.partyA_fallback_specify,1
answers.partyA.custodian_name.partyB_custodian_name,9
answers.partyA.version_of_ISDA_SIMM.is_specified,14
answers.partyA.MA02_EMIR_PDD_PROTOCOL.partyA_ND_EMAIL,1
answers.partyA.MA02_CONFIRM.APPLICABILITY,2
answers.partyA.jury_waiver.is_applicable,10
answers.partyA.hong_kong_sfc.partyA_SIMM_specify,3
answers.partyA.parties.partyB_CPTY_NAME_other,2
answers.partyA.chargor_posting_obligations.eligible_currencies.valuation_percentage,1
answers.partyA.additional_regimes.regimes.partyB_SIMM_applicable_specify,1
answers.partyA.MA02_PAYER_TAX_REPS_PREPRINT.partyA_only,1
answers.partyA.date_of_euroclear_security_agreement.partyB_date_of_security_agreement,3
answers.partyA.credit_support_amount_calculation_time.calculation_agent_IM_computation_time_specify,2
answers.partyA.MA02_EMIR_PDD_PROTOCOL.SENDER,1
answers.partyA.umbrella_agreement_and_principal_identification.is_applicable,33
answers.partyA.brazil.partyA_secured_party,6
answers.partyA.MA02_ATE_V1.DAY_TYPE_V1,1
answers.partyA.singapore.partyB_fallback,3
answers.partyA.amendment_to_termination_currency.amendment_to_termination_currency_is,9
answers.partyA.security_provider_rights_event.partyA_security_provider_rights_event,3
answers.partyA.support_transfer.specify,2
answers.partyA.fx_haircut_percentage.is_termination_currency,3
answers.partyA.base_currency.currency,16
answers.partyA.hong_kong_sfc.partyB_security_taker,9
answers.partyA.MA02_CALC_AGENT_PREPRINT.PARTY,2
answers.partyA.designated_city.partyB_designated_city,6
answers.partyA.australia.partyA_fallback_specify,2
answers.partyA.version_of_ISDA_SIMM.party_A_or_party_B_version,5
answers.partyA.additional_regimes.regimes.partyA_SIMM,4
answers.partyA.chargor_posting_obligations.eligible_currencies.partyA_obligation,1
answers.partyA.switzerland.partyB_SIMM_applicable_specify,1
answers.partyA.canada.partyB_SIMM_applicable_specify,1
answers.partyA.collateral_valuation_agent.partyA_collateral_valuation_agent,6
answers.partyA.sec.partyA_fallback_specify,2
answers.partyA.switzerland.partyB_fallback,3
answers.partyA.MA02_FXTCO_V4.CURROPEX_AUTO_%_REDUCTION,2
answers.partyA.MA02_CROSS_DEF_V1.partyB_THR_#,2
answers.partyA.prudential.partyB_SIMM,9
answers.partyA.united_kingdom.partyA_security_taker_specify,1
answers.partyA.MA02_EMIR_PDD_PROTOCOL.RECEIVER,1
answers.partyA.MA02_ATE_V1.%_AMNT,1
answers.partyA.MA02_CROSS_DEF_V1.partyA_THR_CCY,2
answers.partyA.emir.partyA_retrospective,2
answers.partyA.eligible_support.other_eligible_support,3
answers.partyA.MA02_FXTCO_V3.APPLICABILITY,2
answers.partyA.MA02_PROCESS_AGENT_V1.partyA_INDEMNIFICATION,3
answers.partyA.additional_regimes.regimes.partyB_fallback,2
answers.partyA.MA02_NOTICE_DETAILS_V1.partyB_COPY_APPLICABILITY,3
answers.partyA.transfer_timing.specified,13
answers.partyA.euroclear_risk.paragraph_5_2,3
answers.partyA.ce_end_date.days_after_clearstream_event,2
answers.partyA.australia.partyA_fallback,4
answers.partyA.MA02_FXTCO_V4.APPLICABILITY,2
answers.partyA.relationship_with_the_control_agreement.partyB_control_agreement_relationship,6
answers.partyA.parties.partyB_details,6
answers.partyA.substituted_regimes.partyB_south_africa,16
answers.partyA.cftc.partyA_fallback_specify,1
answers.partyA.south_africa.partyA_SIMM_specify,2
answers.partyA.switzerland.partyA_retrospective_specify,1
answers.partyA.parties.partyA_CPTY_NAME,3
answers.partyA.parties.partyB_AGENT_TYPE_other,2
answers.partyA.MA02_TRANSFER_V3.ADD_COND,1
answers.partyA.south_africa.partyB_secured_party_specify,3
answers.partyA.relationship_with_the_control_agreement.partyA_control_agreement_relationship,6
answers.partyA.collateral_access_breach_additional_termination_event.cab_end_date_specify,3
answers.partyA.substituted_regimes.partyB_south_korea,16
answers.partyA.MA02_NOTICE_DETAILS_V1.partyB_SPEC_INSTR,2
answers.partyA.MA02_PARTIES_RELATION_PREPRINT.APPLICABILITY,3
answers.partyA.emir.partyA_secured_party_specify,1
answers.partyA.MA02_CROSS_DEF_V1.MODIFIERS,2
answers.partyA.prudential.additional_type_specify,1
answers.partyA.emir.partyB_security_taker,9
answers.partyA.minimum_transfer_amount.partyB_minimum_transfer_amount,18
answers.partyA.notification_time.partyB_specify,6
answers.partyA.japanese_collateral_provisions.amendments_to_japanese_provisions,4
answers.partyA.MA02_SPEC_ENT_V2.partyA_SPEC_ENT_V3,1
answers.partyA.MA02_SPEC_ENT_V1.partyA_BANKRUPTCY,3
answers.partyA.MA02_FXTCO_V5.APPLICABILITY,2
answers.partyA.MA02_PAYEE_TAX_REPS_PREPRINT.partyB_PAYEE_TAX_REP,1
answers.partyA.australia.partyB_secured_party,6
answers.partyA.switzerland.partyB_security_taker,9
answers.partyA.singapore.partyB_security_taker,9
answers.partyA.threshold.partyB_threshold,16
answers.partyA.brazil.partyB_fallback,4
answers.partyA.inconsistency_with_the_control_agreement.partyB_inconsistency_with_the_control_agreement,8
answers.partyA.MA02_OTHER_PART.other_part_text,2
answers.partyA.chargor_rights_event.partyB_chargor_rights_event,2
answers.partyA.MA02_NOTICE_DETAILS_V1.partyB_COPY_SPEC_INSTR,1
answers.partyA.valuation_of_appropriated_collateral.specify,5
answers.partyA.ce_end_date.release_days_type,3
answers.partyA.MA02_NOTICE_DETAILS_V1.partyB_ADD_SPECIFICATIONS,3
answers.partyA.MA02_CROSS_DEF_V1.partyA_THR_REF,2
answers.partyA.additional_terms.is_applicable,30
answers.partyA.additional_regimes.regimes.partyA_security_taker,2
answers.partyA.security_provider_rights_event.partyB_security_provider_rights_event,3
answers.partyA.australia.partyA_security_taker,9
answers.partyA.jurisdiction.exclusive_jurisdiction,6
answers.partyA.brazil.partyA_fallback_specify,1
answers.partyA.access_conditions.partyA_additional_termination_events,2
answers.partyA.pledgor_posting_obligations.eligible_currencies.valuation_percentage,4
answers.partyA.prudential.partyA_retrospective_specify,1
answers.partyA.MA02_CREDIT_SUPP_PROV_V1.partyA_CSP_ID_V1,1
answers.partyA.ee_end_date.release_specify,1
answers.partyA.hong_kong_sfc.partyA_security_taker_specify,2
answers.partyA.MA02_OTHER.APPLICABILITY,2
answers.partyA.south_korea.partyB_SIMM,7
answers.partyA.sec.partyA_security_taker_specify,1
answers.partyA.south_africa.partyA_fallback,5
answers.partyA.cftc.partyB_SIMM,10
answers.partyA.MA02_CALC_AGENT_PREPRINT.other_specify,1
answers.partyA.support_value.specify,3
answers.partyA.sec.partyB_secured_party_specify,3
answers.partyA.control_agreement_nec_event.partyA_control_agreement_nec_event,8
answers.partyA.calculation_agent_IM.calculation_agent,2
answers.partyA.clearstream_agreements_as_credit_support_documents.partyA_clearstream_agreements_as_credit_support_documents,3
answers.partyA.MA02_REPS.APPLICABILITY,2
answers.partyA.pledgor_posting_obligations.partyB_type,3
answers.partyA.MA02_PAYEE_TAX_REPS_PREPRINT.partyA_PAYEE_TAX_REP,1
answers.partyA.MA02_CREDIT_SUPP_DOC_V1.partyB_CSD_ID_V1,1
answers.partyA.switzerland.partyA_SIMM,9
answers.partyA.pledgor_posting_obligations.eligible_currencies.items,4
answers.partyA.japan.partyA_secured_party_specify,2
answers.partyA.MA02_CROSS_DEF_V1.partyB_THR_CCY,2
answers.partyA.MA02_PAYER_TAX_REPS_PREPRINT.partyB_only,1
answers.partyA.united_kingdom.partyB_fallback_specify,2
answers.partyA.MA02_SET_OFF.SET_OFF_TRIGGER_V3,1
answers.partyA.MA02_NOTICE_DETAILS_V1.partyA_COPY_APPLICABILITY,3
answers.partyA.MA02_JURISDICTION_V1.MODIFY,2
answers.partyA.clearstream_event.definition,3
answers.partyA.ee_end_date.after_specify,1
answers.partyA.recalculation_of_market_value.partyA_recalculation_of_market_value,6
answers.partyA.designated_city.partyB_specify,2
answers.partyA.MA02_TERM_CURR_V1.TERM_CURR_DV_PARTY,1
answers.partyA.ce_end_date.date_of_timely_statement,5
answers.partyA.MA02_ATE_V1.AMEND_CHANGE_OWN_ATE_V2,1
answers.partyA.MA02_PROCESS_AGENT_V1.partyA_EFFECTIVENESS,3
answers.partyA.MA02_871_PROTOCOL_V1.APPLICABILITY,2
answers.partyA.MA02_DOCUMENTS_TO_DELIVER_PREPRINT.other_documents_to_be_delivered,3
answers.partyA.canada.partyA_fallback_specify,1
answers.partyA.MA02_TRANSFER_V3.CONSENT_PROVISO,1
answers.partyA.MA02_NOTICE_DETAILS_V1.partyA_EMAIL,1
answers.partyA.collateral_access_breach_additional_termination_event.cab_end_date,5
answers.partyA.singapore.partyA_security_taker,9
answers.partyA.MA02_AFFILIATES_V1.EXCLU_SCOPE,1
answers.partyA.MA02_NOTICE_DETAILS_V1.partyA_COPY_ADDRESS,1
answers.partyA.MA02_SPEC_ENT_V1.partyB_CEUM,3
answers.partyA.ce_end_date.release_specify,2
answers.partyA.MA02_EMIR_PDD_PROTOCOL.partyA_AGNT_V1,1
answers.partyA.MA02_ATE_V1.DURATION_#_V1,1
answers.partyA.MA02_NOTICE_DETAILS_V1.partyA_COPY_ATTN,1
answers.partyA.MA02_NOTICES_V1.APPLICABILITY,1
answers.partyA.recalculation_of_value.partyB_recalculation_of_value,8
answers.partyA.sec.partyA_secured_party,9
answers.partyA.notification_time.partyA_specify,4
answers.partyA.canada.partyA_fallback,4
answers.partyA.additional_representations.partyA_additional_representations,3
answers.partyA.calculation_date_location.partyB_location,6
answers.partyA.canada.partyB_retrospective_specify,1
answers.partyA.additional_obligations.additional_obligations,9
answers.partyA.security_taker_rights_event.partyB_security_taker_rights_event,3
answers.partyA.MA02_PAYEE_TAX_REPS_PREPRINT.partyB_applicability,1
answers.partyA.south_africa.partyB_fallback_specify,2
answers.partyA.prudential.partyA_fallback,3
answers.partyA.united_kingdom.partyB_secured_party,6
answers.partyA.ee_end_date.date_of_timely_statement,2
answers.partyA.japan.partyB_fallback_specify,1
answers.partyA.hong_kong.partyA_SIMM_specify,5
answers.partyA.south_korea.partyA_SIMM,7
answers.partyA.MA02_SPEC_ENT_V1.partyB_DUST,3
answers.partyA.MA02_SPEC_ENT_V1.partyB_DEF_CEUM_SPEC_ENT_V4,1
answers.partyA.MA02_ATE_V1.AMEND_NAV_ATE_V1,2
answers.partyA.other_provisions.specify_provisions,3
answers.partyA.MA02_CEUM_V1.partyB_APPLICABILITY,3
answers.partyA.switzerland.partyA_fallback_specify,1
answers.partyA.additional_regimes.regimes.partyA_retrospective_specify,2
answers.partyA.cftc.partyA_secured_party,9
answers.partyA.ce_end_date.release_date_ii,1
answers.partyA.canada.partyA_SIMM,11
answers.partyA.additional_regimes.regimes.partyB_secured_party,2
answers.partyA.MA02_EMIR_PDD_PROTOCOL.partyB_DN_EMAIL,1
answers.partyA.ce_end_date.days_prior_to_release_date_type,2
answers.partyA.MA02_UMBRELLA_V1.OTHER_PARTY,1
answers.partyA.MA02_OTHER_PART.APPLICABILITY,2
answers.partyA.MA02_FAIL_TO_PAY.APPLICABILITY,2
answers.partyA.japanese_collateral_provisions.is_applicable,6
answers.partyA.security_taker_rights_event.early_termination_date_optional_language,2
answers.partyA.security_provider_posting_obligations.security_provider,3
answers.partyA.sec.partyA_secured_party_specify,3
answers.partyA.MA02_NOTICE_DETAILS_V1.partyA_ATTN,1
answers.partyA.conditions_precedent.specify,3
answers.partyA.process_agent.partyA_specify,10
answers.partyA.control_agreement_as_a_credit_support_document.partyA_control_agreement_as_a_credit_support_document,9
answers.partyA.sec.partyA_SIMM_specify,5
answers.partyA.MA02_SPEC_ENT_V2.partyB_SPEC_ENT_V3,2
answers.partyA.emir.partyA_fallback_specify,3
answers.partyA.south_korea.partyB_secured_party,6
answers.partyA.parties.partyA_CPTY_J&S,3
answers.partyA.chargor_posting_obligations.partyB_currency,1
answers.partyA.amendment_to_termination_currency.partyB_currency,3
answers.partyA.support_value.is_applicable,6
answers.partyA.MA02_SPEC_ENT_V1.partyA_BANKRUPTCY_SPEC_ENT_V3,1
answers.partyA.substituted_regimes.partyB_hong_kong,16
answers.partyA.australia.partyB_security_taker_specify,1
answers.partyA.secured_party_rights_event.early_termination_date_optional_language,3
answers.partyA.emir.partyB_secured_party_specify,1
answers.partyA.delivery_in_lieu_right.right,16
answers.partyA.japan.additional_type_specify,1
answers.partyA.MA02_UMBRELLA_V1.APPLICABILITY,4
answers.partyA.amendments.is_applicable,30
answers.partyA.substituted_regimes.partyB_cftc,16
answers.partyA.MA02_FXTCO_V2.APPLICABILITY,2
answers.partyA.south_africa.partyA_SIMM,10
answers.partyA.additional_regimes.regimes.partyA_fallback,2
answers.partyA.minimum_transfer_amount.partyB_specify,5
answers.partyA.additional_regimes.regimes.partyB_security_taker,2
answers.partyA.custodian_and_segregated_account_details.partyA_securities,3
answers.partyA.ee_end_date.release_date,1
answers.partyA.australia.partyB_security_taker,9
answers.partyA.sec.partyA_SIMM_applicable_specify,1
answers.partyA.MA02_SPEC_ENT_V1.partyA_CROSS_DEF_SPEC_ENT_V3,1
answers.partyA.switzerland.partyA_secured_party,9
answers.partyA.MA02_TERM_CURR_V1.CCY_DV,1
answers.partyA.MA02_2013_DF_PROTOCOL_V1.APPLICABILITY,2
answers.partyA.enforcement_event.failure_to_pay_early_termination_amount,4
answers.partyA.interpretation.paragraph_11j_is,3
answers.partyA.access_conditions.additional_termination_event.partyA_additional_termination_event,2
answers.partyA.chargor_posting_obligations.partyB_fx_haircut_percentage,2
answers.partyA.hong_kong_sfc.partyA_security_taker,9
answers.partyA.other_eligible_support.other_eligible_support,3
answers.partyA.notification_time.partyA_location,14
answers.partyA.calculation_date.partyA_calculation_date_location,3
answers.partyA.MA02_CROSS_DEF_V1.SPEC_IND,2
answers.partyA.ce_end_date.specify_after_days,1
answers.partyA.south_africa.partyB_SIMM_specify,2
answers.partyA.emir.partyA_fallback,4
answers.partyA.parties.partyA_name,39
answers.partyA.minimum_transfer_amount.partyA_currency,4
answers.partyA.interpretation.paragraph_11g_specify,2
answers.partyA.hong_kong_sfc.partyB_fallback,4
answers.partyA.MA02_ATE_V1.1_RELEVANT_PARTY_NAV_ATE_V1,1
answers.partyA.ce_end_date.release_date_ii_type,1
answers.partyA.french_law_addendum.is_applicable,9
answers.partyA.MA02_PAYEE_TAX_REPS_PREPRINT.PAYEE_TAX_REPS_APPLICABILITY,3
answers.partyA.MA02_CEUM_V1.DEBT_TYPE,2
answers.partyA.MA02_ATE_V1.TRIGGER_PERIOD_NAV_ATE_V1,1
answers.partyA.chargor_rights_event.cooling_off_period_condition_is_applicable,1
answers.partyA.chargor_posting_obligations.partyB_type,2
answers.partyA.united_kingdom.partyB_SIMM,8
document.year,40
answers.partyA.chargor_posting_obligations.eligible_currencies.items,1
answers.partyA.MA02_SPEC_ENT_V2.partyA_SPEC_ENT,3
answers.partyA.MA02_ATE_V1.VOTING_RIGHTS_V2,1
answers.partyA.switzerland.partyB_retrospective_specify,1
answers.partyA.interpretation.paragraph_11j_specify,2
answers.partyA.south_africa.partyA_secured_party_specify,3
answers.partyA.security_taker_rights_event.failure_to_pay_early_termination_is_applicable,2
answers.partyA.switzerland.partyA_security_taker_specify,1
answers.partyA.hong_kong_sfc.partyB_SIMM,7
answers.partyA.emir.partyB_SIMM_specify,2
answers.partyA.calculation_date.partyB_calculation_date_location,3
answers.partyA.canada.partyA_SIMM_specify,5
answers.partyA.MA02_SPEC_ENT_V1.partyA_CEUM_SPEC_ENT_V3,1
answers.partyA.custodian_and_segregated_account_details.partyA_custodian_name,3
answers.partyA.sec.partyB_retrospective_specify,1
answers.partyA.security_taker_rights_event.partyA_security_taker_rights_event,3
answers.partyA.MA02_ATE_V1.DECLINE_AMNT_NAV_ATE_V1,1
answers.partyA.ce_end_date.release_date_i,1
answers.partyA.japan.partyA_security_taker_specify,1
answers.partyA.singapore.partyB_secured_party,6
answers.partyA.pledgor_rights_event.pledgor_full_discharge_condition_is_applicable,1
answers.partyA.calculation_date_location.partyA_specify,4
answers.partyA.hong_kong.partyB_secured_party,6
answers.partyA.relationship_with_the_control_agreement.include_language,3
answers.partyA.australia.partyB_secured_party_specify,1
answers.partyA.MA02_NOTICE_DETAILS_V1.partyB_ATTN,1
answers.partyA.amendment_to_minimum_transfer_amount.effectiveness_date,7
answers.partyA.emir.partyA_security_taker_specify,1
answers.partyA.MA02_COND_PREC_V3.PARTY,2
answers.partyA.MA02_TRANSFER_V3.TRANSFEROR,1
answers.partyA.french_law_addendum.partyB_french_law_addendum,6
answers.partyA.pledgor_posting_obligations.partyA_control_agreement,1
answers.partyA.substituted_regimes.partyA_brazil,16
answers.partyA.ce_end_date.release_date_i_type,1
answers.partyA.threshold.partyA_amount,1
answers.partyA.additional_regimes.regimes.partyA_SIMM_applicable_specify,1
answers.partyA.pledgor_posting_obligations.additional_language,1
answers.partyA.threshold.partyB_currency,4
answers.partyA.version_of_ISDA_SIMM.specify,3
answers.partyA.umbrella_agreement_and_principal_identification.language,15
answers.partyA.MA02_UMBRELLA_V1.PARTY,1
answers.partyA.parties.partyA_CPTY_NAME_other,3
answers.partyA.MA02_ATE_V1.SPECIFIED_TRANSACTIONS_NAV_ATE_V1,1
answers.partyA.recalculation_of_value.partyB_specify,1
answers.partyA.MA02_ATE_V1.1_TYPE_NAV_ATE_V1,1
answers.partyA.south_korea.partyB_security_taker_specify,1
answers.partyA.cftc.partyB_security_taker,9
answers.partyA.hong_kong.partyA_fallback,2
answers.partyA.singapore.partyB_fallback_specify,1
answers.partyA.pledgor_posting_obligations.partyB_control_agreement,1
answers.partyA.MA02_TERM_CURR_V1.PA_PB_CCY,1
answers.partyA.south_africa.partyB_security_taker,9
answers.partyA.consent.is_applicable,11
answers.partyA.prudential.partyA_SIMM_specify,5
answers.partyA.substituted_regimes.partyA_south_korea,16
answers.partyA.calculation_date.partyB_specify,2
answers.partyA.custodian_and_segregated_account_details.partyA_cash,3
answers.partyA.secured_party_rights_event.partyB_secured_party_rights_event,5
answers.partyA.access_conditions.partyB_tax_event_upon_merger,18
answers.partyA.switzerland.partyB_SIMM,11
answers.partyA.MA02_PAYER_TAX_REPS_PREPRINT.partyA_no_tax_deduction_or_withholding_required,1
answers.partyA.switzerland.partyA_secured_party_specify,1
answers.partyA.MA02_PROCESS_AGENT_V1.partyA_ID,3
answers.partyA.MA02_FAIL_TO_PAY.ORDINAL_#,2
answers.partyA.cftc.additional_type_specify,1
answers.partyA.chargor_posting_obligations.eligible_currencies.partyB_obligation,1
answers.partyA.MA02_CEUM_V1.OBJ_TEST,2
answers.partyA.cftc.partyA_retrospective_specify,1
answers.partyA.canada.partyA_secured_party_specify,2
answers.partyA.euroclear_event.definition,2
answers.partyA.sec.partyA_security_taker,9
answers.partyA.united_kingdom.partyA_fallback_specify,2
answers.partyA.hong_kong_sfc.partyB_secured_party_specify,2
answers.partyA.MA02_COND_PREC_V1.NUMBER_DAYS,2
answers.partyA.MA02_JURISDICTION_V1.JURIS_COURTS,1
answers.partyA.japan.partyB_retrospective_specify,1
answers.partyA.cftc.partyA_security_taker,9
answers.partyA.brazil.partyA_fallback,5
answers.partyA.sensitivities_to_commodity_indices.sensitivities_commodity_indices,16
answers.partyA.MA02_ATE_V1.RELEVANT_PARTY_CHANGE_OWN_ATE_V2,1
answers.partyA.notification_time.partyA_time,14
answers.partyA.sec.partyA_SIMM,11
answers.partyA.MA02_CROSS_DEF_V1.partyA_THR_><,2
answers.partyA.MA02_SPEC_ENT_V1.partyB_CEUM_SPEC_ENT_V4,1
answers.partyA.pledgor_posting_obligations.eligible_currencies.partyA_obligation,4
answers.partyA.MA02_SPEC_ENT_V1.partyB_CEUM_SPEC_ENT_V3,1
answers.partyA.MA02_MULTIBRANCH_V1.partyA_OFFICES,1
answers.partyA.credit_support_amount_calculation_time.is_applicable,6
answers.partyA.MA02_PROCESS_AGENT_V1.partyA_ID_V2,2
answers.partyA.chargor_posting_obligations.chargor,3
answers.partyA.japanese_collateral_provisions.amendments_specify,2
answers.partyA.euroclear_agreements_as_credit_support_documents.partyB_euroclear_agreements_as_credit_support_documents,2
answers.partyA.MA02_ATE_V1.TYPE_NAV_ATE_V1,1
answers.partyA.switzerland.partyA_fallback,5
answers.partyA.south_korea.partyB_SIMM_specify,3
answers.partyA.collateral_access_breach_additional_termination_event.collateral_access_breach,8
answers.partyA.hong_kong.partyB_secured_party_specify,3
answers.partyA.MA02_ATE_V1.PARTY_CHANGE_OWN_ATE_V2,1
answers.partyA.control_agreement_nec_event.partyB_control_agreement_nec_event,8
answers.partyA.custodian_risk.partyB_specify,1
answers.partyA.MA02_CROSS_DEF_V1.XACCEL,2
answers.partyA.cftc.partyB_SIMM_specify,4
answers.partyA.calculation_date.specified,9
answers.partyA.prudential.partyA_secured_party_specify,2
answers.partyA.ce_end_date.timely_days,1
answers.partyA.cftc.additional_type,1
answers.partyA.access_conditions.partyA_illegality,18
answers.partyA.ee_end_date.timely_specify,2
answers.partyA.ce_end_date.days_after_timely_statement_type,2
answers.partyA.french_law_addendum.partyB_specify,3
answers.partyA.demands_and_notices.partyA_specify,11
answers.partyA.additional_regimes.regimes.partyA_retrospective,2
answers.partyA.secured_party_rights_event.failure_to_pay_early_termination_is_applicable,3
answers.partyA.designated_city.partyA_designated_city,6
answers.partyA.south_korea.partyB_secured_party_specify,2
answers.partyA.pledgor_additional_rights_event.specify,1
answers.partyA.MA02_ATE_V1.NAV_DEFINITION_ATE_V1,1
answers.partyA.MA02_EMIR_PDD_PROTOCOL.partyB_PD_EMAIL,1
answers.partyA.japan.partyA_fallback_specify,1
answers.partyA.south_africa.partyA_secured_party,6
answers.partyA.date_of_collateral_transfer_agreement.collateral_transfer_agreement_date,6
answers.partyA.australia.partyA_SIMM_specify,3
answers.partyA.MA02_EMIR_PDD_PROTOCOL.ELECT_INCORP,1
answers.partyA.euroclear_agreements_as_credit_support_documents.partyA_euroclear_agreements_as_credit_support_documents,2
answers.partyA.MA02_NOTICE_DETAILS_V1.partyB_ADDRESS,2
answers.partyA.south_korea.partyB_fallback,3
answers.partyA.united_kingdom.partyB_secured_party_specify,1
answers.partyA.substituted_regimes.partyB_prudential,16
answers.partyA.chargor_posting_obligations.two_affected_parties,2
answers.partyA.united_kingdom.partyB_fallback,5
answers.partyA.MA02_ATE_V1.1_DECLINE_AMNT_NAV_ATE_V1,1
answers.partyA.switzerland.partyB_SIMM_specify,3
answers.partyA.MA02_MULTIBRANCH_V1.partyB_APPLICABILITY,3
answers.partyA.MA02_COND_PREC_V1.APPLICABILITY,2
answers.partyA.cftc.partyB_secured_party_specify,3
answers.partyA.MA02_ATE_V1.1_SPECIFIED_DATE_NAV_ATE_V1,1
answers.partyA.canada.partyA_security_taker,9
answers.partyA.singapore.partyA_SIMM_specify,3
answers.partyA.collateral_access_breach_additional_termination_event.cab_end_date_days,2
answers.partyA.japan.partyA_SIMM_specify,4
answers.partyA.interpretation.paragraph_11g_is,3
answers.partyA.rider.specify_text,2
answers.partyA.notification_time.partyA_notification_time,18
answers.partyA.singapore.partyA_SIMM,8
answers.partyA.japan.partyB_security_taker_specify,1
answers.partyA.amendment_to_minimum_transfer_amount.amendment_to_minimum_transfer_amount_is,13
answers.partyA.united_kingdom.partyA_SIMM,9
answers.partyA.MA02_ATE_V1.SPECIFIED_TRANSACTIONS_CHANGE_OWN_ATE_V2,1
answers.partyA.substituted_regimes.partyB_singapore,16
answers.partyA.MA02_SPEC_ENT_V1.partyB_CROSS_DEF,3
answers.partyA.MA02_PROCESS_AGENT_V1.partyB_INDEMNIFICATION,3
answers.partyA.amendments.specify,18
answers.partyA.pledgor_additional_rights_event.applicable,3
answers.partyA.resolution_time.specified,15
answers.partyA.emir.partyB_security_taker_specify,1
answers.partyA.MA02_JURISDICTION_V1.APPLICABILITY,2
answers.partyA.amendment_to_termination_currency.two_affected_parties_currency,3
answers.partyA.MA02_FXTCO_V1.EXIST_FX,2
answers.partyA.japanese_securities_provisions.is_applicable,19
answers.partyA.emir.partyB_fallback_specify,3
answers.partyA.calculation_date_location.partyB_calculation_date_location,9
answers.partyA.brazil.partyB_secured_party_specify,1
answers.partyA.MA02_REC_CONV_V1.APPLICABILITY,3
answers.partyA.brazil.partyB_SIMM_specify,2
answers.partyA.parties.partyA_single_party,2
answers.partyA.japan.partyB_security_taker,9
answers.partyA.pledgor_posting_obligations.partyB_control_agreement_specify,1
answers.partyA.chargor_posting_obligations.partyA_type,2
answers.partyA.additional_regimes.regimes.partyA_SIMM_specify,1
answers.partyA.interpretation.paragraph_1_6a_is,6
answers.partyA.south_korea.partyA_fallback_specify,1
answers.partyA.brazil.partyA_security_taker,9
answers.partyA.chargor_rights_event.partyA_chargor_rights_event,2
answers.partyA.japan.partyB_SIMM,10
answers.partyA.MA02_TRANSFER_V3.OTHER_PARTY_V2,1
answers.partyA.MA02_PROCESS_AGENT_V1.partyB_ID_V2,2
answers.partyA.japan.partyB_SIMM_specify,4
answers.partyA.notification_time.inclusion_of_proviso_for_transfer_timing_is_applicable,6
answers.partyA.security_provider_rights_event.security_provider_full_discharge_condition_is_applicable,3
answers.partyA.security_provider_rights_event.cooling_off_period_condition_is_applicable,3
answers.partyA.access_conditions.partyB_credit_event_upon_merger,18
answers.partyA.MA02_TRANSFER_V3.ADV_CONSENT,2
answers.partyA.access_conditions.partyA_tax_event,18
answers.partyA.MA02_EMIR_PDD_PROTOCOL.partyB_ND_EMAIL,1
answers.partyA.south_korea.partyA_security_taker_specify,2
answers.partyA.MA02_ATE_V1.VOTING_RIGHTS,1
answers.partyA.australia.partyB_SIMM_specify,3
answers.partyA.prudential.partyA_retrospective,2
answers.partyA.ce_end_date.after_specify,4
answers.partyA.custodian_name.partyA_custodian_name,9
answers.partyA.sec.partyB_fallback_specify,1
answers.partyA.MA02_MULTIBRANCH_V1.partyA_APPLICABILITY,3
answers.partyA.sec.partyA_fallback,5
answers.partyA.australia.partyA_SIMM,8
answers.partyA.south_korea.partyA_secured_party_specify,2
answers.partyA.MA02_EMIR_PDD_PROTOCOL.partyA_AGNT,1
answers.partyA.substituted_regimes.partyB_canada,16
answers.partyA.umbrella_agreement_and_principal_identification.principal_identification_schedule.lei,97
answers.partyA.MA02_TRANSFER.APPLICABILITY,2
answers.partyA.parties.partyB_single_party,3
answers.partyA.substituted_regimes.additional_substituted_regime.partyA_additional_substituted_regime,2
answers.partyA.japan.partyA_retrospective_specify,1
answers.partyA.simm_calculation_currency.partyB_use_other_currency,4
answers.partyA.conditions_precedent.conditions_precedent,14
answers.partyA.south_korea.partyA_fallback,3
answers.partyA.substituted_regimes.partyB_switzerland,16
answers.partyA.cftc.partyB_fallback_specify,1
answers.partyA.calculation_date.partyA_specify,1
answers.partyA.japan.additional_type,2
answers.partyA.substituted_regimes.partyA_japan,16
answers.partyA.emir.partyA_SIMM_applicable_specify,1
answers.partyA.united_kingdom.partyB_security_taker_specify,1
answers.partyA.australia.partyB_fallback_specify,1
answers.partyA.interpretation.paragraph_10ki_is,3
answers.partyA.brazil.partyA_secured_party_specify,1
answers.partyA.pledgor_posting_obligations.eligible_currencies.partyB_obligation,4
answers.partyA.MA02_COND_PREC_V2.APPLICABILITY,2
answers.partyA.additional_regimes.regimes.partyB_SIMM_specify,1
answers.partyA.MA02_EMIR_PDD_PROTOCOL.APPLICABILITY,2
answers.partyA.bespoke_provisions.is_applicable,3
answers.partyA.MA02_CEUM_V1.REAS_STAND,2
answers.partyA.MA02_DUST_V1.DUST_SCOPE,3
answers.partyA.custodian_and_segregated_account_details.partyB_custodian_name,3
answers.partyA.MA02_AET_V1.partyB_APPLICABILITY,3
answers.partyA.MA02_PAYER_TAX_REPS_PREPRINT.partyA_applicability,1
answers.partyA.MA02_EMIR_PDD_PROTOCOL.3RD_PTY_PROVIDER,1
answers.partyA.MA02_TERM_CURR_V1.TERM_CURR_DV,2
answers.partyA.prudential.partyB_secured_party,9
answers.partyA.MA02_C_OF_A_V1.COND_V4,2
answers.partyA.custodian_risk.partyA_custodian_risk,3
answers.partyA.access_conditions.partyB_force_majeure,18
answers.partyA.hong_kong_sfc.partyA_secured_party,6
answers.partyA.sensitivities_to_equity_indices_funds_etfs.sensitivities_equity_indices_funds_etfs,18
answers.partyA.singapore.partyB_SIMM_specify,4
answers.partyA.MA02_SET_OFF.AFFILIATES_APPLIC,1
answers.partyA.japanese_securities_provisions.amendments_to_japanese_provisions,4
answers.partyA.cftc.partyB_retrospective,1
answers.partyA.fallback_to_mandatory_method.fallback_to_mandatory_method_days,11
answers.partyA.MA02_TERM_CURR_V1.CCY,1
answers.partyA.MA02_2012_DF_PROTOCOL_V1.APPLICABILITY,2
answers.partyA.south_africa.partyA_security_taker,9
answers.partyA.calculation_date_location.partyA_location,5
answers.partyA.substituted_regimes.partyB_emir,16
answers.partyA.MA02_AET_V1.partyA_APPLICABILITY,3
answers.partyA.collateral_valuation_agent.partyA_specify,3
answers.partyA.prudential.partyA_secured_party,9
answers.partyA.MA02_ATE_V1.MA02_ATE,2
answers.partyA.australia.partyB_fallback,4
answers.partyA.cftc.partyA_retrospective,1
answers.partyA.substituted_regimes.partyA_cftc,16
answers.partyA.parties.partyA_AGENT_TYPE_other,3
answers.partyA.collateral_access_breach.cab_end_date_specify,1
answers.partyA.chargor_posting_obligations.partyB_amendment_to_termination_currency,2
answers.partyA.parties.partyA_AGENT_TYPE,3
answers.partyA.cftc.partyA_secured_party_specify,3
answers.partyA.canada.partyB_retrospective,2
answers.partyA.MA02_SPEC_ENT_V1.partyA_DUST_SPEC_ENT_V3,1
answers.partyA.collateral_access_breach.cab_end_date_days,2
answers.partyA.additional_regimes.regimes.partyB_retrospective_specify,2
answers.partyA.pledgor_rights_event.cooling_off_period_condition_is_applicable,1
answers.partyA.MA02_FXTCO_V4.CURROPEX_NO_FAX,2
answers.partyA.japan.partyB_secured_party_specify,2
answers.partyA.threshold.partyB_specify,5
answers.partyA.chargor_posting_obligations.two_affected_parties_currency,1
answers.partyA.substituted_regimes.partyB_united_kingdom,16
answers.partyA.MA02_CEUM_V1.MIN_CREDIT_RATING,2
answers.partyA.addresses_for_transfers.partyA_specify,1
answers.partyA.switzerland.partyB_retrospective,1
answers.partyA.amendment_to_minimum_transfer_amount.partyA_amendment_to_minimum_transfer_amount,7
answers.partyA.MA02_PAYER_TAX_REPS_PREPRINT.partyB_applicability,1
answers.partyA.hong_kong.partyA_SIMM,10
answers.partyA.calculation_date_location.partyA_calculation_date_location,9
answers.partyA.MA02_TRANS_SCOPE.APPLICABILITY,2
answers.partyA.switzerland.partyA_security_taker,9
answers.partyA.japan.partyB_secured_party,9
answers.partyA.umbrella_agreement_and_principal_identification.principal_identification_schedule.principal_name,107
answers.partyA.hong_kong_sfc.partyB_secured_party,6
answers.partyA.MA02_TERM_CURR_V1.partyB_CCY,1
answers.partyA.MA02_JURISDICTION_V1.MODIFY_V3,1
answers.partyA.substituted_regimes.partyA_emir,16
answers.partyA.MA02_DUST_V1.SCOPE,1
answers.partyA.MA02_CROSS_DEF_V1.GRACE_DAYS,2
answers.partyA.singapore.partyA_secured_party_specify,2
answers.partyA.MA02_FATCA_PROTOCOL_V1.APPLICABILITY,2
answers.partyA.MA02_CREDIT_SUPP_PROV_V1.partyB_CSP_ID_V1,1
answers.partyA.MA02_COND_PREC_V3.APPLICABILITY,2
answers.partyA.japan.partyA_secured_party,9
answers.partyA.ce_end_date.days_after_custodian_event,6
answers.partyA.ce_end_date.after_days_type,4
answers.partyA.emir.partyA_security_taker,9
answers.partyA.MA02_ATE_V1.1_DAY_TYPE_V2,1
answers.partyA.MA02_CREDIT_SUPP_DOC_V1.partyA_CSD_ID,3
answers.partyA.amendment_to_termination_currency.partyA_currency,4
answers.partyA.minimum_transfer_amount.partyA_specify,6
answers.partyA.amendment_to_minimum_transfer_amount.partyA_specify,7
answers.partyA.singapore.partyB_SIMM,7
answers.partyA.calculation_date.partyA_location,2
answers.partyA.control_agreement_as_a_credit_support_document.partyB_control_agreement_as_a_credit_support_document,9
answers.partyA.MA02_NET_PAY_V1.PROVISO,1
answers.partyA.MA02_GOV_LAW_V1.NONCONTRACT_OBL,3
answers.partyA.MA02_PAYEE_TAX_REPS_PREPRINT.partyB_only,1
answers.partyA.canada.partyA_retrospective,2
answers.partyA.brazil.partyA_SIMM_specify,2
answers.partyA.notification_time.partyB_location,12
answers.partyA.MA02_CALC_AGENT_PREPRINT.CALC_AGENT,3
answers.partyA.MA02_CEUM_V1.OBJECTIVE,2
answers.partyA.designated_city.partyB_location,4
answers.partyA.cftc.partyB_fallback,3
answers.partyA.MA02_EMIR_PDD_PROTOCOL.ELECT_NEW,1
answers.partyA.MA02_TRANSFER_V3.ADD_COND_APPLICABILITY,2
answers.partyA.MA02_CONFIRM.FORM_V4,2
answers.partyA.hong_kong.partyA_security_taker,9
answers.partyA.substituted_regimes.partyA_switzerland,16
answers.partyA.belgian_law_security_agreement.is_applicable,3
answers.partyA.MA02_CROSS_DEF_V1.partyB_THR_AMT,2
answers.partyA.recalculation_of_value.partyA_recalculation_of_value,8
answers.partyA.MA02_CREDIT_SUPP_PROV_V1.partyA_CSP_ID,3
answers.partyA.south_africa.partyB_security_taker_specify,1
answers.partyA.clearstream_agreements_as_credit_support_documents.partyB_clearstream_agreements_as_credit_support_documents,3
answers.partyA.australia.partyB_SIMM,9
answers.partyA.resolution_time.time,12
answers.partyA.MA02_CEUM_V1.DESIGNATED_EVENT_MOD_EXCL_RADIO,1
answers.partyA.MA02_SPEC_ENT_V1.partyB_BANKRUPTCY_SPEC_ENT_V3,2
answers.partyA.hong_kong_sfc.partyA_fallback,4
answers.partyA.access_conditions.specify,4
answers.partyA.resolution_time.specify,3
answers.partyA.japan.partyB_retrospective,2
answers.partyA.singapore.partyB_secured_party_specify,2
answers.partyA.canada.partyB_secured_party,9
answers.partyA.threshold.partyA_threshold,16
answers.partyA.MA02_ATE_V1.2_ADD_ADDITIONAL,1
answers.partyA.MA02_TERM_CURR_V1.partyA_CCY,1
answers.partyA.conditions_precedent.specified,3
answers.partyA.brazil.partyA_SIMM,8
answers.partyA.switzerland.partyA_SIMM_specify,3
answers.partyA.canada.partyA_retrospective_specify,1
answers.partyA.japanese_securities_provisions.relevant_provisions,3
answers.partyA.japan.partyA_retrospective,2
answers.partyA.calculation_agent_IM.calculation_agent_IM_specify,4
answers.partyA.MA02_EMIR_PDD_PROTOCOL.partyB_CITY,1
answers.partyA.MA02_TRANSFER_V3.TRANSFEREE,1
answers.partyA.ce_end_date.timely_specify,2
answers.partyA.additional_terms.specify,19
answers.partyA.hong_kong.partyA_security_taker_specify,1
answers.partyA.threshold.partyA_specify,7
answers.partyA.pledgor_rights_event.partyB_pledgor_rights_event,2
answers.partyA.canada.partyA_secured_party,9
answers.partyA.minimum_transfer_amount.partyA_amount,4
answers.partyA.collateral_transfer_agreement.collateral_transfer_agreement_date,9
answers.partyA.cftc.partyA_SIMM_specify,5
answers.partyA.recalculation_of_market_value.partyA_specify,1
answers.partyA.additional_regimes.regimes.partyB_SIMM,4
answers.partyA.MA02_CEUM_V1.moodys_list,2
answers.partyA.substituted_regimes.partyB_japan,16
answers.partyA.additional_regimes.regimes.partyA_secured_party,2
answers.partyA.MA02_CROSS_DEF_V1.partyA_THR_REF_V5,1
answers.partyA.french_law_addendum.partyA_french_law_addendum,6
answers.partyA.custodian_and_segregated_account_details.partyB_cash,3
answers.partyA.chargor_posting_obligations.partyA_amendment_to_termination_currency,2
answers.partyA.MA02_PAYER_TAX_REPS_PREPRINT.partyB_add_additional_representations,1
answers.partyA.access_conditions.partyA_tax_event_upon_merger,18
answers.partyA.calculation_agent_IM.is_applicable,5
answers.partyA.switzerland.partyB_secured_party,9
answers.partyA.substituted_regimes.partyA_singapore,16
answers.partyA.MA02_REPS_V1.APPLICABILITY,3
answers.partyA.MA02_NET_PAY_V1.SCOPE,1
answers.partyA.hong_kong.partyB_fallback,2
answers.partyA.pledgor_rights_event.partyA_pledgor_rights_event,2
answers.partyA.MA02_NOTICE_DETAILS_V1.partyB_COPY_ADDRESS,1
answers.partyA.south_korea.partyB_security_taker,9
answers.partyA.ce_end_date.release_ii_days,1
answers.partyA.access_conditions.partyB_illegality,18
answers.partyA.threshold.partyA_currency,1
answers.partyA.amendment_to_minimum_transfer_amount.partyB_specify,7
answers.partyA.MA02_CONFIRM.FORM,2
answers.partyA.inconsistency_with_the_control_agreement.partyA_inconsistency_with_the_control_agreement,8
answers.partyA.MA02_FXTCO_V1.APPLICABILITY,2
answers.partyA.japanese_securities_provisions.amendments_specify,2
answers.partyA.MA02_PAYEE_TAX_REPS_PREPRINT.partyA_applicability,1
answers.partyA.australia.partyA_secured_party,6
answers.partyA.MA02_CROSS_DEF_V1.GRACE_START,2
answers.partyA.collateral_valuation_agent.partyB_specify,2
answers.partyA.MA02_ATE_V1.1_MONTHS_#_V2,1
answers.partyA.MA02_ILLEGALITY_V1.APPLICABILITY,2
answers.partyA.MA02_OTHER.other_provisions_text,2
answers.partyA.south_africa.partyB_fallback,4
answers.partyA.substituted_regimes.partyB_sec,16
answers.partyA.MA02_SPEC_ENT_V1.partyB_BANKRUPTCY,3
answers.partyA.prudential.partyB_secured_party_specify,2
answers.partyA.other_provisions.specify,1
answers.partyA.calculation_date_location.partyB_specify,3
answers.partyA.MA02_PAYER_TAX_REPS_PREPRINT.partyA_add_additional_representations,1
answers.partyA.MA02_SPEC_ENT_V1.partyA_CROSS_DEF,3
answers.partyA.one_way_provisions.is_applicable,16
answers.partyA.cftc.partyB_retrospective_specify,1
answers.partyA.MA02_ATE_V1.PARTY_NAV_ATE_V1,1
answers.partyA.security_provider_posting_obligations.partyA_type,2
answers.partyA.MA02_CEUM_V1.DESIGNATED_EVENT_MOD_APPLICABILITY,2
answers.partyA.rider.represented_party,2
answers.partyA.threshold.partyB_amount,4
answers.partyA.emir.additional_type,2
answers.partyA.substituted_regimes.partyB_brazil,16
answers.partyA.pledgor_posting_obligations.pledgor,6
answers.partyA.MA02_ATE_V1.1_TRIGGER_PERIOD_NAV_ATE_V1,1
answers.partyA.south_korea.partyA_secured_party,6
answers.partyA.hong_kong.partyA_secured_party_specify,2
answers.partyA.access_conditions.partyA_credit_event_upon_merger,18
answers.partyA.MA02_MULTIBRANCH_V1.partyB_OFFICES,2
answers.partyA.chargor_posting_obligations.partyA_fx_haircut_percentage,1
answers.partyA.MA02_EMIR_PDD_PROTOCOL.partyA_PD_EMAIL,1
answers.partyA.MA02_TERM_CURR_V1.partyA_CCY_DV,1
answers.partyA.MA02_NOTICE_DETAILS_V1.partyA_SPEC_INSTR,2
answers.partyA.emir.partyA_SIMM_specify,3
answers.partyA.sec.partyB_SIMM,8
answers.partyA.canada.partyB_SIMM_specify,5
answers.partyA.additional_regimes.regimes.regime_name,4
answers.partyA.MA02_CEUM_V1.partyA_APPLICABILITY,3
answers.partyA.rider.re_end_date__days_after_representative_event,2
answers.partyA.amendment_to_termination_currency.partyB_termination_currency,5
answers.partyA.hong_kong_sfc.partyA_SIMM,7
answers.partyA.hong_kong.partyB_SIMM_specify,4
answers.partyA.MA02_TRANSFER_V3.APPLICABILITY,2
answers.partyA.interpretation.paragraph_10ki_specify,2
answers.partyA.MA02_SPEC_ENT_V1.partyB_DUST_SPEC_ENT_V3,2
answers.partyA.MA02_ATE_V1.AMEND_TEXT_NAV_ATE_V1,1
answers.partyA.additional_obligations.additional_obligations_specify,4
answers.partyA.united_kingdom.partyB_security_taker,9
answers.partyA.other_eligible_support.eligible_support_specify,1
answers.partyA.simm_calculation_currency.partyA_use_base_currency,14
answers.partyA.regulatory_compliance_and_concentration_limits.additional_information,15
answers.partyA.switzerland.additional_type,1
answers.partyA.amendment_to_termination_currency.partyA_termination_currency,5
answers.partyA.custodian_risk.partyA_specify,1
answers.partyA.rider.representative_cta_provisions,3
answers.partyA.MA02_MULTIBRANCH_V1.partyA_CONFIRM_OFFICES,1
answers.partyA.MA02_NOTICE_DETAILS_V1.partyA_ADDRESS,2
answers.partyA.minimum_transfer_amount.partyA_minimum_transfer_amount,18
answers.partyA.demands_and_notices.partyB_specify,9
answers.partyA.access_conditions.partyB_additional_termination_events,2
answers.partyA.parties.partyA_details,6
answers.partyA.south_korea.partyB_fallback_specify,1
answers.partyA.additional_regimes.regimes.additional_type,2
answers.partyA.hong_kong.partyA_secured_party,6
answers.partyA.prudential.partyB_security_taker,9
answers.partyA.consent.specify,1
answers.partyA.date_of_euroclear_security_agreement.partyA_date_of_security_agreement,3
answers.partyA.access_conditions.additional_termination_event.partyB_additional_termination_event,2
answers.partyA.sec.partyB_SIMM_specify,4
answers.partyA.french_law_addendum.partyA_specify,3
answers.partyA.chargor_posting_obligations.partyA_currency,1
answers.partyA.substituted_regimes.partyA_sec,16
answers.partyA.access_conditions.additional_termination_event.name,2
answers.partyA.execution_date.executionDate,39
answers.partyA.transfer_timing.settlement_day_specify,6
answers.partyA.switzerland.partyA_retrospective,1
answers.partyA.fx_haircut_percentage.fx_designated_currency,1
answers.partyA.MA02_CROSS_DEF_V1.partyA_THR_#,2
answers.partyA.pledgor_rights_event.cooling_off_language,3
answers.partyA.MA02_EMIR_PDD_PROTOCOL.partyA_DN_EMAIL,1
answers.partyA.MA02_CROSS_DEF_V1.partyA_THR_%,2
answers.partyA.ce_end_date.days_after_timely_statement,2
answers.partyA.MA02_FAIL_TO_PAY.PARTY_V1,2
answers.partyA.MA02_C_OF_A_V1.APPLICABILITY,2
answers.partyA.rider.re_end_date__days_after_representative_event__other__specify,2
answers.partyA.japan.partyB_fallback,4
answers.partyA.pledged_account_number.pledged_account_number,6
answers.partyA.collateral_valuation_agent.partyB_collateral_valuation_agent,6
answers.partyA.access_conditions.partyA_force_majeure,18
answers.partyA.MA02_NOTICE_DETAILS_V1.partyA_COPY_SPEC_INSTR,1
answers.partyA.amendment_to_termination_currency.partyA_amendment_to_termination_currency,6
answers.partyA.canada.partyB_SIMM,10
answers.partyA.emir.partyB_retrospective,2
answers.partyA.united_kingdom.partyA_security_taker,9
answers.partyA.MA02_NOTICES_V1.COND,1
answers.partyA.south_korea.partyA_security_taker,9
answers.partyA.support_transfer.is_applicable,6
answers.partyA.MA02_EMIR_PDD_PROTOCOL.partyB_AGNT,1
answers.partyA.singapore.partyA_secured_party,6
answers.partyA.canada.additional_type,2
answers.partyA.MA02_OFFICES_BRANCHES_V1.APPLICABILITY,3
answers.partyA.substituted_regimes.partyA_south_africa,16
answers.partyA.prudential.additional_type,2
answers.partyA.prudential.partyA_SIMM,11
answers.partyA.recalculation_of_value.partyA_specify,2
answers.partyA.minimum_transfer_amount.partyB_currency,6
answers.partyA.custodian_and_segregated_account_details.partyB_securities,3
answers.partyA.additional_regimes.is_applicable,18
answers.partyA.canada.partyB_fallback,3
answers.partyA.hong_kong_sfc.partyB_security_taker_specify,2
answers.partyA.amendment_to_termination_currency.agreement_date,3
answers.partyA.MA02_ATE_V1.PARENT,1
answers.partyA.MA02_MULTIBRANCH_V1.partyB_CONFIRM_OFFICES,2
answers.partyA.amendment_to_termination_currency.specify,3
answers.partyA.control_agreement_as_a_credit_support_document.definition,3
answers.partyA.clearstream_risk.paragraph_5_2_specify,2
answers.partyA.substituted_regimes.partyA_australia,16
answers.partyA.MA02_ATE_V1.RELEVANT_PARTY_NAV_ATE_V1,1
answers.partyA.substituted_regimes.additional_substituted_regime.name,2
answers.partyA.MA02_TRANSFER_V3.OTHER_PARTY,1
answers.partyA.bespoke_provisions.specify,1
answers.partyA.ce_end_date.release_i_days,1
answers.partyA.south_korea.partyA_SIMM_specify,3
answers.partyA.additional_representations.specify,1
answers.partyA.united_kingdom.partyA_secured_party_specify,1
answers.partyA.amendment_to_termination_currency.two_affected_parties,6
answers.partyA.brazil.partyB_fallback_specify,2
answers.partyA.MA02_AET_V1.STAY,1
answers.partyA.cftc.partyB_secured_party,9
answers.partyA.south_africa.partyA_security_taker_specify,1
answers.partyA.simm_calculation_currency.partyA_use_other_currency,4
answers.partyA.MA02_SPEC_ENT_V2.partyB_SPEC_ENT,3
answers.partyA.substituted_regimes.partyA_united_kingdom,16
answers.partyA.sec.partyB_secured_party,9
answers.partyA.notification_time.include_reference_to_41a_is_applicable,3
answers.partyA.MA02_EMIR_PDD_PROTOCOL.partyB_AGNT_V1,1
answers.partyA.united_kingdom.partyA_fallback,4
answers.partyA.MA02_DOCUMENTS_TO_DELIVER_PREPRINT.tax_forms_documents_or_certificates_to_be_delivered,3
answers.partyA.ee_end_date.days_after_euroclear_event,1
answers.partyA.resolution_time.location,12
answers.partyA.canada.partyB_secured_party_specify,2
answers.partyA.prudential.partyB_retrospective,1
answers.partyA.MA02_TERM_CURR_V1.TERM_CURR,3
answers.partyA.calculation_date.specify,5
answers.partyA.emir.partyB_fallback,4
answers.partyA.MA02_NET_PAY_V1.PROVISO_APPLICABILITY,1
answers.partyA.amendment_to_termination_currency.partyB_amendment_to_termination_currency,6
answers.partyA.substituted_regimes.partyB_australia,16
answers.partyA.ce_end_date.after_days,4
answers.partyA.recalculation_of_market_value.partyB_recalculation_of_market_value,6
answers.partyA.united_kingdom.partyA_secured_party,6
answers.partyA.selection_of_margin_approach.approach_selection,12
answers.partyA.valuation_of_appropriated_collateral.specified,10
answers.partyA.custodian_risk.paragraph_6a,3
answers.partyA.custodian_risk.paragraph_6b,6
answers.partyA.substituted_regimes.partyA_canada,16
answers.partyA.ce_end_date.days_prior_to_release_date,2
answers.partyA.amendment_to_termination_currency.both_parties_termination_currency,5
answers.partyA.south_africa.partyB_secured_party,6
answers.partyA.MA02_EMIR_PDD_PROTOCOL.partyA_CITY,1
answers.partyA.calculation_agent_IM.calculation_agent_IM_party,9
answers.partyA.MA02_PAYER_TAX_REPS_PREPRINT.partyB_no_tax_deduction_or_withholding_required,1
answers.partyA.MA02_AET_V1.INDEM,2
answers.partyA.MA02_EMIR_PDD_PROTOCOL.EMIR_PDD_PROTOCOL,1
answers.partyA.MA02_PROCESS_AGENT_V1.partyB_ID,3
answers.partyA.MA02_SPEC_ENT_V1.partyA_DUST,3
answers.partyA.MA02_PAYEE_TAX_REPS_PREPRINT.partyA_only,1
answers.partyA.ce_end_date.release_days,3
answers.partyA.amendment_to_minimum_transfer_amount.specify,3
answers.partyA.cross_currency_swap.yey_ney,3
answers.partyA.MA02_CEUM_V1.OBJ_TEST_APPLICABILITY,2
answers.partyA.prudential.partyA_security_taker,9
answers.partyA.emir.partyA_SIMM,12
answers.partyA.MA02_CROSS_DEF_V1.QUALIFICATION,2
answers.partyA.MA02_PAYER_TAX_REPS_PREPRINT.PAYER_TAX_REPS_APPLICABILITY,3
answers.partyA.parties.partyB_CPTY_J&S,2
answers.partyA.substituted_regimes.partyA_prudential,16
answers.partyA.MA02_GOV_LAW_V1.SPECIFICATION,3
answers.partyA.rider.representative_event,2
answers.partyA.MA02_NET_PAY_V1.APPLICABILITY,3
answers.partyA.cftc.partyA_SIMM,11
answers.partyA.australia.partyA_security_taker_specify,1
answers.partyA.parties.partyB_AGENT_TYPE,2
answers.partyA.MA02_AFFILIATES_V1.PARTY,1
answers.partyA.MA02_NOTICE_DETAILS_V1.partyA_ADD_SPECIFICATIONS,3
answers.partyA.MA02_SPEC_ENT_V1.partyA_CEUM,3
answers.partyA.custodian_risk.paragraph_6a_specify,2
answers.partyA.sec.additional_type_specify,1
answers.partyA.access_conditions.partyB_tax_event,18
answers.partyA.process_agent.partyB_specify,9
answers.partyA.calculation_time.calculation_time_IM_is,9
answers.partyA.custodian_event.definition,10
answers.partyA.brazil.partyB_SIMM,7
answers.partyA.collateral_access_breach.cab_end_date,3
answers.partyA.interpretation.paragraph_1_6a_specify,3
answers.partyA.designated_city.partyA_specify,2
answers.partyA.prudential.partyB_SIMM_specify,4
answers.partyA.MA02_CROSS_DEF_V1.ADMIN_ERROR,2
answers.partyA.emir.partyB_SIMM_applicable_specify,1
answers.partyA.MA02_TERM_CURR_V1.PARTY_CCY_DV,1
answers.partyA.singapore.partyA_fallback,3
answers.partyA.calculation_date.partyB_location,1
answers.partyA.collateral_access_breach.collateral_access_breach,5
answers.partyA.simm_calculation_currency.partyB_use_base_currency,14
answers.partyA.chargor_rights_event.chargor_full_discharge_condition_is_applicable,1
answers.partyA.MA02_PROCESS_AGENT_V1.partyB_EFFECTIVENESS,3
answers.partyA.switzerland.partyA_SIMM_applicable_specify,1
answers.partyA.additional_regimes.regimes.partyB_retrospective,2
answers.partyA.japan.partyA_SIMM,10
answers.partyA.substituted_regimes.additional_substituted_regime.partyB_additional_substituted_regime,2
answers.partyA.hong_kong.partyB_SIMM,9